184 184 184 184 184 184 184 184 184 184 184 184 184 184 184 184 184 184 184 184 184 184 184 184 184 184 184 184 184 184 184 184 184 184 184 184 184 184 184 184 184 184
184 0 0 0 0 0 0 0 0 0 0 0 0 0 0 0 0 0 0 0 0 0 0 0 0 0 0 0 0 0 0 0 0 0 0 0 0 0 0 0 0 184
184 0 0 0 0 0 0 0 0 0 0 0 0 0 0 0 0 0 0 0 0 0 0 0 0 0 0 0 0 0 0 321 1329 1525 1538 621 0 0 0 0 1037 184
184 0 0 0 0 0 0 0 0 0 0 0 0 0 0 0 0 0 0 0 0 0 0 0 0 0 0 0 0 0 0 184 184 184 184 184 184 184 184 184 1038 184
184 626 1329 0 0 0 0 0 0 0 0 0 0 0 0 1329 0 0 0 1681 0 0 0 0 0 0 0 0 0 0 0 0 0 0 0 0 0 0 0 0 1037 184
184 184 184 0 0 0 0 0 0 0 0 0 0 0 184 184 184 184 184 184 184 184 184 0 0 0 0 0 0 0 0 0 0 0 0 0 0 0 0 0 1037 184
184 184 184 0 0 1329 0 0 184 0 0 1329 0 0 184 184 184 184 184 184 184 184 184 0 1329 0 889 889 889 889 889 889 886 0 0 0 0 0 0 0 1329 184
184 184 184 184 184 184 184 184 184 184 184 184 184 184 184 184 184 184 184 184 184 184 184 184 184 184 184 184 184 184 184 184 184 184 1329 0 0 0 184 184 184 184
184 184 184 184 184 184 184 184 184 184 184 184 184 184 184 184 184 184 184 184 184 184 184 184 184 184 184 184 184 184 184 184 184 184 184 184 1329 0 0 0 184 184
184 184 184 184 184 184 184 184 184 184 184 184 184 184 184 184 184 184 184 184 184 184 184 184 184 184 184 184 184 184 184 184 184 184 184 184 184 184 0 0 184 184
184 0 0 0 0 0 0 0 0 0 0 0 184 0 0 0 0 0 0 0 0 0 0 0 0 184 184 184 184 184 184 184 0 0 0 0 0 0 0 0 0 184
184 0 0 0 0 0 0 0 0 0 0 0 184 0 0 0 0 0 0 0 0 0 0 0 0 0 0 1329 0 0 103 0 0 0 0 0 0 0 0 0 0 184
184 0 0 0 0 0 0 0 0 0 0 0 184 0 0 0 0 0 0 0 0 0 0 0 0 0 184 184 184 184 0 0 0 0 0 0 0 0 0 0 0 184
184 0 0 0 0 0 0 0 0 0 0 0 184 0 0 0 0 0 0 0 0 0 0 0 0 0 184 184 184 184 0 0 0 0 0 0 0 0 0 0 0 184
184 0 0 0 0 0 0 0 0 0 0 0 184 368 1329 0 1329 0 0 0 0 0 0 0 1329 0 184 184 184 184 0 0 0 0 0 0 0 0 0 0 0 184
184 0 0 0 0 0 0 0 0 0 0 0 184 184 184 184 184 0 0 0 0 184 184 184 184 0 184 184 184 184 0 0 0 0 0 0 0 0 0 0 0 184
184 0 0 626 0 0 0 0 0 0 0 184 184 184 184 184 184 0 0 0 0 0 0 0 0 0 184 184 184 184 0 0 0 0 0 0 0 0 0 0 0 184
184 0 184 184 184 0 1329 0 0 0 184 184 184 184 184 184 184 0 0 0 0 0 0 0 0 184 184 184 184 184 0 1329 0 0 0 0 1329 0 1329 0 1504 184
184 184 184 184 184 184 184 184 184 184 184 184 184 184 184 184 184 184 184 184 184 184 184 184 184 184 184 184 184 184 184 184 184 184 184 184 184 184 184 184 184 184
184 184 184 184 184 184 184 184 184 184 184 184 184 184 184 184 184 184 184 184 184 184 184 184 184 184 184 184 184 184 184 184 184 184 184 184 184 184 184 184 184 184